[[array([[array([[-0.32267183],
       [ 0.00208755],
       [-0.42369556],
       [-0.09080831],
       [-0.1755111 ],
       [-0.09899829],
       [ 0.01234667],
       [-0.38536304],
       [-0.29280144],
       [-0.0525518 ],
       [-0.17594317],
       [ 0.07690636],
       [ 0.29145318],
       [-0.12359192],
       [ 0.18930031],
       [-0.17580318],
       [ 0.02333219],
       [-0.0286717 ],
       [ 0.38070628],
       [-0.00868621],
       [-0.08046681],
       [-0.0862923 ],
       [-0.22341096],
       [ 0.1214268 ],
       [-0.25581494],
       [ 0.10388189],
       [ 0.26363617],
       [-0.32718575],
       [-0.33901367],
       [ 0.10988278],
       [-0.03041463],
       [-0.15384354],
       [ 0.11301995],
       [ 0.27277318],
       [-0.12187585],
       [ 0.38416523],
       [ 0.2042691 ],
       [ 0.07806   ],
       [ 0.06529448],
       [-0.26096308],
       [-0.0053001 ],
       [-0.00758096],
       [-0.06968852],
       [-0.45883098],
       [ 0.01395662],
       [ 0.13276203],
       [-0.4318939 ],
       [ 0.15868321],
       [-0.18300517],
       [ 0.15512244],
       [ 0.33212778],
       [-0.03675149],
       [ 0.40048805],
       [-0.08761913],
       [ 0.07126668],
       [-0.11761641],
       [-0.25087082],
       [-0.2490475 ],
       [-0.36285615],
       [ 0.16095032],
       [-0.33176523],
       [ 0.12230284],
       [ 0.20024234],
       [ 0.01304617],
       [-0.19144192],
       [ 0.09806896],
       [-0.07002884],
       [-0.3301276 ],
       [ 0.28284475],
       [-0.3302254 ],
       [ 0.0415344 ],
       [-0.18445762],
       [-0.3024721 ],
       [ 0.08590219],
       [-0.18671964],
       [ 0.28571233],
       [ 0.368498  ],
       [-0.00811655],
       [-0.17699708],
       [-0.00440197],
       [ 0.18882501],
       [-0.11088779],
       [-0.3106631 ],
       [-0.46013826],
       [-0.24747603],
       [-0.24797373],
       [ 0.05695464],
       [-0.03643628],
       [ 0.10737551],
       [-0.10434205],
       [-0.36378178],
       [-0.14429308],
       [-0.09333776],
       [ 0.17919593],
       [-0.21833004],
       [ 0.23640974],
       [ 0.14852557],
       [ 0.17948666],
       [ 0.05580521],
       [ 0.22282068],
       [-0.22428703],
       [-0.00672317],
       [-0.30820093],
       [-0.02750216],
       [ 0.22898637],
       [ 0.03367504],
       [ 0.11808191],
       [ 0.2621542 ],
       [ 0.24884845],
       [ 0.05001277],
       [-0.04256837],
       [-0.3627479 ],
       [ 0.07630272],
       [-0.12938875],
       [ 0.27069992],
       [ 0.15455148],
       [ 0.4249277 ],
       [-0.29774344],
       [-0.04585853],
       [ 0.01992817],
       [-0.27975887],
       [ 0.12958527],
       [-0.10782706],
       [-0.25973806],
       [-0.05370504],
       [-0.21046264],
       [ 0.09963578],
       [ 0.07120121]], dtype=float32),
        array([[ 1.25485333e-02],
       [-6.70138448e-02],
       [-1.09161429e-01],
       [ 2.17762943e-02],
       [-2.95069404e-02],
       [ 1.84342131e-01],
       [-4.28768061e-02],
       [-5.03113307e-02],
       [-1.00896601e-02],
       [-5.61096482e-02],
       [-4.46314178e-02],
       [ 1.70367569e-01],
       [ 2.98057385e-02],
       [-2.32035685e-02],
       [-1.25813320e-01],
       [-2.58306358e-02],
       [ 2.00311001e-03],
       [-1.81956682e-02],
       [-4.68348414e-02],
       [ 1.23257050e-02],
       [ 5.25038838e-02],
       [ 4.90428060e-02],
       [ 6.12560101e-02],
       [-2.53367033e-02],
       [ 5.32175191e-02],
       [ 1.09812170e-01],
       [-5.01822159e-02],
       [-6.22520968e-02],
       [-1.30157918e-01],
       [-2.08794829e-02],
       [-1.22267418e-01],
       [-6.55819550e-02],
       [-1.89095005e-01],
       [-8.19721520e-02],
       [-3.16101499e-02],
       [ 1.15021758e-01],
       [ 6.34854659e-02],
       [-1.98960584e-02],
       [-2.46404503e-02],
       [-6.39495030e-02],
       [ 8.67736116e-02],
       [-2.47562863e-02],
       [-7.41869956e-02],
       [-4.59271297e-02],
       [-1.07895508e-02],
       [-2.32285429e-02],
       [-1.36208266e-01],
       [-3.13677639e-02],
       [ 3.10368594e-02],
       [-9.83208716e-02],
       [ 1.47815663e-02],
       [ 6.99364468e-02],
       [ 1.93226021e-02],
       [ 6.90774545e-02],
       [-3.88271920e-02],
       [ 1.39811286e-03],
       [-6.88017234e-02],
       [-9.47490856e-02],
       [ 1.21887267e-01],
       [-1.34055063e-01],
       [ 3.17150541e-02],
       [ 4.85380664e-02],
       [ 1.17648482e-01],
       [-6.63830340e-03],
       [-1.95655711e-02],
       [ 2.47484911e-02],
       [-5.55553287e-02],
       [ 7.89853409e-02],
       [ 1.05106451e-01],
       [ 1.41058296e-01],
       [-7.38434568e-02],
       [ 5.05871624e-02],
       [ 1.19073791e-02],
       [-7.98529387e-02],
       [ 4.67643365e-02],
       [-1.02223605e-01],
       [ 4.02742764e-03],
       [-7.03371912e-02],
       [-9.46362223e-03],
       [-1.86654016e-01],
       [ 1.08851562e-03],
       [ 6.23152293e-02],
       [ 1.16548359e-01],
       [-1.24422297e-01],
       [ 4.25938852e-02],
       [-3.26707435e-04],
       [-8.65134969e-03],
       [-3.15076485e-02],
       [-3.02399378e-02],
       [ 3.47310817e-03],
       [-8.50606039e-02],
       [-1.41722412e-05],
       [ 2.89819576e-02],
       [-8.83156955e-02],
       [ 3.02630682e-02],
       [ 8.47603008e-02],
       [ 3.85788940e-02],
       [ 6.11665472e-02],
       [ 7.02435011e-03],
       [ 1.46753723e-02],
       [-1.83656171e-03],
       [-9.28849578e-02],
       [-6.94108754e-02],
       [ 1.26088172e-01],
       [-2.84564309e-02],
       [-2.53057908e-02],
       [-4.54868339e-02],
       [ 3.85670215e-02],
       [ 9.52523202e-03],
       [-1.00296594e-01],
       [-8.06355774e-02],
       [-3.64542231e-02],
       [ 5.47194332e-02],
       [-1.14241913e-01],
       [-2.98749544e-02],
       [ 6.24553375e-02],
       [-1.64815247e-01],
       [ 8.62107426e-03],
       [ 1.56068467e-02],
       [-6.02670275e-02],
       [-1.01180837e-01],
       [-5.36151938e-02],
       [-1.04154274e-02],
       [ 1.17132634e-01],
       [-7.13660195e-02],
       [-6.69845790e-02],
       [-1.39827445e-01],
       [-3.85312922e-02]], dtype=float32),
        array([[ 0.03751697],
       [-0.01567501],
       [ 0.02982839],
       [ 0.0307416 ],
       [ 0.0445364 ],
       [-0.06829206],
       [-0.07053169],
       [ 0.02220176],
       [-0.00803628],
       [ 0.04599604],
       [ 0.05837072],
       [ 0.08790202],
       [-0.08817659],
       [-0.11852518],
       [ 0.06738275],
       [-0.03041587],
       [-0.07787508],
       [ 0.05083022],
       [ 0.0569375 ],
       [ 0.07364482],
       [ 0.05079141],
       [-0.00579623],
       [-0.03822792],
       [-0.00166613],
       [-0.00460648],
       [ 0.00732513],
       [ 0.06457729],
       [-0.04554689],
       [ 0.01472994],
       [ 0.03247631],
       [-0.02710546],
       [ 0.03596086],
       [-0.06948617],
       [ 0.02297122],
       [-0.09797075],
       [ 0.05342678],
       [-0.11255497],
       [ 0.03476303],
       [ 0.08514413],
       [-0.03161436],
       [-0.07311797],
       [ 0.04357471],
       [-0.06109   ],
       [-0.04496286],
       [ 0.04606178],
       [ 0.01156725],
       [ 0.0602389 ],
       [-0.06226432],
       [-0.07873846],
       [ 0.01839086],
       [-0.04060117],
       [-0.01086215],
       [-0.01826937],
       [-0.03707753],
       [ 0.1242493 ],
       [-0.05324386],
       [-0.01026059],
       [-0.11972566],
       [-0.03709803],
       [-0.05343127],
       [-0.04996537],
       [-0.11541642],
       [ 0.00976866],
       [-0.07883202],
       [ 0.07676499],
       [ 0.06193056],
       [ 0.075711  ],
       [ 0.02808999],
       [ 0.08824923],
       [ 0.00894746],
       [ 0.03122785],
       [-0.13720042],
       [-0.07334443],
       [-0.05118611],
       [-0.00308009],
       [ 0.04783115],
       [-0.02983718],
       [ 0.04176631],
       [ 0.05695057],
       [ 0.0883487 ],
       [ 0.0016133 ],
       [-0.0134077 ],
       [ 0.02085658],
       [ 0.05661078],
       [ 0.03271535],
       [-0.04968416],
       [-0.10787075],
       [ 0.05634659],
       [ 0.00997381],
       [-0.05626666],
       [ 0.0197268 ],
       [-0.00067246],
       [-0.07762984],
       [-0.04034866],
       [ 0.06688847],
       [ 0.0418046 ],
       [ 0.00624483],
       [-0.06109359],
       [-0.06724366],
       [-0.03151571],
       [-0.06985291],
       [ 0.1560509 ],
       [ 0.01200121],
       [ 0.01873805],
       [ 0.00586489],
       [-0.0185226 ],
       [-0.03773446],
       [-0.07341418],
       [-0.12475999],
       [ 0.03668679],
       [-0.05471043],
       [ 0.05388393],
       [-0.0427057 ],
       [-0.01471925],
       [-0.08050965],
       [ 0.06008436],
       [-0.00748312],
       [ 0.05959437],
       [-0.03279778],
       [-0.06507158],
       [-0.06705512],
       [-0.07153082],
       [ 0.0776666 ],
       [-0.11101317],
       [ 0.05133419],
       [-0.17577626],
       [ 0.01091167],
       [-0.06456215]], dtype=float32),
        array([[-0.09607685],
       [-0.07563543],
       [ 0.04166598],
       [-0.0634501 ],
       [ 0.0407671 ],
       [-0.02611361],
       [ 0.11053102],
       [ 0.07361066],
       [ 0.07888967],
       [ 0.02380509],
       [-0.02633199],
       [ 0.00272136],
       [ 0.01921778],
       [ 0.0034066 ],
       [ 0.07191352],
       [-0.07825693],
       [-0.04248181],
       [ 0.05424081],
       [ 0.06114119],
       [ 0.01015165],
       [-0.00491052],
       [ 0.01518892],
       [ 0.00199505],
       [ 0.06510354],
       [ 0.01786789],
       [-0.08357841],
       [ 0.06071668],
       [ 0.02584372],
       [-0.06504723],
       [-0.03677406],
       [ 0.04258937],
       [-0.12925299],
       [-0.0212262 ],
       [-0.00641376],
       [ 0.0110568 ],
       [ 0.08693995],
       [-0.11759325],
       [-0.04621546],
       [-0.0018529 ],
       [-0.04004445],
       [-0.04384417],
       [ 0.05477167],
       [ 0.06240002],
       [ 0.0545755 ],
       [ 0.0635787 ],
       [ 0.07057154],
       [ 0.04252714],
       [ 0.0836857 ],
       [ 0.0280449 ],
       [-0.05536658],
       [ 0.06550424],
       [ 0.03480815],
       [-0.04360772],
       [-0.02009386],
       [ 0.0371584 ],
       [ 0.11936111],
       [-0.02995375],
       [-0.01527002],
       [ 0.08780204],
       [ 0.0276434 ],
       [ 0.0815044 ],
       [-0.03444198],
       [ 0.05012028],
       [ 0.00825579],
       [ 0.02806739],
       [ 0.0774698 ],
       [ 0.08944609],
       [ 0.08736178],
       [ 0.01520648],
       [-0.02618729],
       [-0.02398688],
       [-0.0538508 ],
       [-0.09507127],
       [-0.08611207],
       [ 0.01548139],
       [ 0.03277491],
       [ 0.07904918],
       [ 0.08488785],
       [-0.07632975],
       [ 0.01064703],
       [ 0.09430447],
       [-0.08243312],
       [ 0.10275733],
       [ 0.01617272],
       [ 0.05124179],
       [ 0.07236846],
       [ 0.05489118],
       [-0.04472625],
       [-0.03321932],
       [-0.05932103],
       [-0.06542355],
       [ 0.06016596],
       [-0.05734421],
       [-0.04991126],
       [ 0.07066759],
       [ 0.01076678],
       [-0.0457398 ],
       [ 0.01278251],
       [ 0.01754813],
       [-0.02873652],
       [-0.01439776],
       [-0.05819255],
       [-0.09065045],
       [ 0.06305861],
       [ 0.0186342 ],
       [ 0.04265006],
       [-0.00026488],
       [-0.01269675],
       [ 0.0182509 ],
       [-0.06004119],
       [ 0.06346092],
       [ 0.02956786],
       [ 0.04725823],
       [ 0.02910304],
       [-0.0518869 ],
       [-0.04963375],
       [ 0.03576967],
       [ 0.08190803],
       [-0.08260281],
       [-0.02963793],
       [ 0.02824333],
       [-0.04862637],
       [ 0.08145659],
       [ 0.05284124],
       [-0.07460798],
       [ 0.01074874],
       [-0.03014827],
       [ 0.03612683]], dtype=float32),
        array([[ 0.13419154],
       [-0.07548219],
       [-0.02884056],
       [-0.0437038 ],
       [-0.05708587],
       [ 0.03093389],
       [ 0.03336164],
       [ 0.05117248],
       [ 0.12731354],
       [ 0.07698142],
       [ 0.02497827],
       [ 0.09787302],
       [ 0.03154924],
       [ 0.10132052],
       [ 0.03821371],
       [ 0.03594138],
       [ 0.08360205],
       [-0.003216  ],
       [ 0.06752983],
       [ 0.09688144],
       [ 0.00491578],
       [ 0.14403374],
       [-0.00246284],
       [-0.00280332],
       [ 0.06688148],
       [ 0.07834236],
       [ 0.11878572],
       [ 0.02483048],
       [ 0.03865052],
       [ 0.11107609],
       [ 0.0511032 ],
       [ 0.10254662],
       [ 0.06578818],
       [ 0.14950466],
       [ 0.1190058 ],
       [ 0.10131728]], dtype=float32)]], dtype=object)
  array([[array([[-1.97713941e-01],
       [ 4.31638062e-02],
       [ 1.15492940e-01],
       [-6.88652918e-02],
       [-3.83422263e-02],
       [-2.55287826e-01],
       [ 2.09240131e-02],
       [-2.39839509e-01],
       [ 1.93086714e-02],
       [ 6.05359999e-03],
       [ 7.72882402e-02],
       [-2.66865969e-01],
       [ 1.61885515e-01],
       [ 4.25627947e-01],
       [-4.13912274e-02],
       [-1.11356387e-02],
       [-4.23381701e-02],
       [-4.35694128e-01],
       [-1.17291190e-01],
       [-1.66186750e-01],
       [-2.53208596e-02],
       [ 1.80806786e-01],
       [ 2.04686582e-01],
       [-1.97291315e-01],
       [-8.98530781e-02],
       [ 1.25025526e-01],
       [-1.15449494e-02],
       [ 3.52398902e-02],
       [ 3.20710510e-01],
       [-2.11656779e-01],
       [-1.17309660e-01],
       [-2.08243504e-01],
       [ 1.02842174e-01],
       [-1.91342205e-01],
       [ 8.93623307e-02],
       [-1.03034712e-01],
       [-1.36981338e-01],
       [ 6.54280633e-02],
       [ 9.05847177e-02],
       [ 8.14269409e-02],
       [-8.87066275e-02],
       [ 9.50781256e-02],
       [ 6.38986453e-02],
       [ 2.34414399e-01],
       [ 3.17464739e-01],
       [ 9.38060209e-02],
       [ 4.72559147e-02],
       [-6.34351894e-02],
       [-1.67595178e-01],
       [-1.21255785e-01],
       [ 4.73957546e-02],
       [ 3.25851649e-01],
       [ 2.09261123e-02],
       [ 2.12422445e-01],
       [-2.76288509e-01],
       [-6.54341355e-02],
       [-1.68247834e-01],
       [-3.68931480e-02],
       [-5.41527234e-02],
       [-8.74577761e-02],
       [-4.82029282e-02],
       [-1.38796538e-01],
       [ 1.92142695e-01],
       [ 2.85262883e-01],
       [ 1.80972755e-01],
       [-3.37426454e-01],
       [ 2.21328605e-02],
       [ 2.10977823e-01],
       [ 3.88426036e-01],
       [-2.90016264e-01],
       [-2.34351330e-03],
       [-3.60611454e-02],
       [-2.64286865e-02],
       [ 2.27935582e-01],
       [-1.28860816e-01],
       [-1.68073326e-01],
       [-1.92071691e-01],
       [-4.62438799e-02],
       [-3.21342498e-01],
       [ 2.07058847e-01],
       [-3.14294636e-01],
       [-1.42382294e-01],
       [-1.48073986e-01],
       [ 4.28386927e-02],
       [ 9.29264501e-02],
       [ 1.56352833e-01],
       [ 3.59324440e-02],
       [ 1.13747329e-01],
       [-1.49895921e-01],
       [ 2.23543182e-01],
       [-1.09546915e-01],
       [-4.18102555e-02],
       [ 3.10225964e-01],
       [-3.35142277e-02],
       [-8.54204446e-02],
       [ 5.10266377e-03],
       [ 1.23318776e-01],
       [ 5.50769046e-02],
       [ 2.00107425e-01],
       [ 2.75476664e-01],
       [-3.84276271e-01],
       [ 2.63863295e-01],
       [-1.72185183e-01],
       [ 2.02828079e-01],
       [-1.65836945e-01],
       [ 2.09408149e-01],
       [ 1.76733121e-01],
       [ 1.20725781e-02],
       [-1.97029044e-03],
       [-1.14012346e-01],
       [-3.58106345e-01],
       [-1.19689487e-01],
       [ 3.06183308e-01],
       [ 8.92022476e-02],
       [ 9.91742387e-02],
       [ 2.96862185e-04],
       [ 1.60840884e-01],
       [ 1.97578177e-01],
       [-1.59552991e-01],
       [ 2.90251561e-02],
       [-1.82094157e-01],
       [ 1.72207907e-01],
       [ 2.48913065e-01],
       [-2.37204045e-01],
       [-9.09509510e-02],
       [-2.41927400e-01],
       [-2.37484761e-02],
       [ 8.91702995e-02]], dtype=float32),
        array([[-0.1452087 ],
       [-0.02084506],
       [ 0.06028945],
       [ 0.01054116],
       [-0.0250766 ],
       [ 0.0062779 ],
       [-0.04651504],
       [ 0.14770897],
       [ 0.03986764],
       [-0.1540213 ],
       [-0.05103664],
       [ 0.00465791],
       [-0.05551116],
       [ 0.10783456],
       [-0.09679931],
       [-0.1857332 ],
       [-0.17776144],
       [ 0.01374194],
       [ 0.04770927],
       [-0.0042231 ],
       [ 0.04474336],
       [-0.14671853],
       [ 0.18795368],
       [ 0.02548178],
       [ 0.04078877],
       [ 0.1546143 ],
       [ 0.13715822],
       [ 0.19185801],
       [-0.05291007],
       [-0.02274607],
       [-0.03476011],
       [-0.03740449],
       [-0.06869502],
       [ 0.01906932],
       [-0.1229353 ],
       [ 0.10586014],
       [ 0.18178801],
       [-0.10521354],
       [-0.15534346],
       [ 0.01483471],
       [ 0.10716213],
       [-0.20398709],
       [-0.03147447],
       [-0.00779032],
       [-0.08538594],
       [-0.08932319],
       [ 0.03526846],
       [ 0.11394729],
       [-0.03533786],
       [ 0.01685469],
       [ 0.05581902],
       [ 0.08882018],
       [-0.09837957],
       [ 0.11759007],
       [-0.07817874],
       [ 0.13302058],
       [ 0.09899759],
       [ 0.08508302],
       [ 0.0049122 ],
       [-0.12036045],
       [ 0.02568018],
       [-0.17460696],
       [-0.06948633],
       [ 0.01951063],
       [ 0.09315975],
       [-0.05668109],
       [ 0.08850297],
       [ 0.06188532],
       [-0.09282219],
       [ 0.03155612],
       [-0.03199672],
       [ 0.07632686],
       [-0.02098372],
       [ 0.04969323],
       [-0.05115561],
       [ 0.20573147],
       [ 0.08478181],
       [ 0.0914109 ],
       [-0.05319834],
       [ 0.20792103],
       [-0.01448132],
       [-0.02512627],
       [ 0.10777612],
       [ 0.04000092],
       [ 0.12940414],
       [-0.08733276],
       [-0.01907358],
       [-0.09738339],
       [-0.00952641],
       [-0.00376857],
       [-0.16729717],
       [ 0.06388152],
       [ 0.01898289],
       [ 0.03532358],
       [-0.13591415],
       [-0.07616957],
       [-0.00259501],
       [-0.10610478],
       [-0.07714797],
       [ 0.02836048],
       [-0.1520556 ],
       [-0.01964718],
       [-0.02438548],
       [ 0.04531521],
       [ 0.07217579],
       [ 0.03328351],
       [ 0.07448253],
       [ 0.08713111],
       [ 0.04731683],
       [ 0.14164694],
       [ 0.04495174],
       [-0.07643781],
       [-0.14757739],
       [ 0.00149729],
       [-0.00486072],
       [-0.0929008 ],
       [ 0.17555234],
       [-0.03217673],
       [ 0.07102586],
       [-0.02465633],
       [-0.02103024],
       [-0.12229074],
       [ 0.03054499],
       [-0.125309  ],
       [-0.06630073],
       [ 0.04151649],
       [ 0.00854378],
       [-0.01676988]], dtype=float32),
        array([[-0.10152686],
       [-0.05352714],
       [-0.0906697 ],
       [-0.09771352],
       [ 0.07166341],
       [ 0.06546975],
       [ 0.0465598 ],
       [-0.07299801],
       [-0.0428471 ],
       [ 0.05424565],
       [-0.08461661],
       [ 0.0849448 ],
       [-0.09141035],
       [ 0.1166195 ],
       [ 0.00791193],
       [ 0.01799354],
       [ 0.04288375],
       [ 0.01958232],
       [ 0.01054698],
       [-0.03697738],
       [ 0.10631543],
       [ 0.08976052],
       [ 0.00041046],
       [ 0.11542547],
       [-0.04145315],
       [-0.1130762 ],
       [ 0.03000627],
       [ 0.04295741],
       [ 0.01566274],
       [ 0.0551225 ],
       [-0.03926419],
       [ 0.02387177],
       [ 0.00538773],
       [ 0.05352313],
       [ 0.05963756],
       [-0.07955778],
       [ 0.12720016],
       [-0.02806482],
       [-0.02449479],
       [-0.05884955],
       [-0.03861767],
       [-0.03472516],
       [ 0.02171156],
       [-0.04540734],
       [-0.01566776],
       [ 0.08566913],
       [ 0.00325059],
       [ 0.16713028],
       [-0.00311688],
       [-0.03469678],
       [-0.15185678],
       [-0.0532839 ],
       [ 0.05483498],
       [ 0.03922523],
       [ 0.00101553],
       [ 0.10365692],
       [-0.04496064],
       [ 0.10394211],
       [-0.08757733],
       [-0.02645865],
       [ 0.14286014],
       [-0.01803447],
       [-0.00573116],
       [-0.04297078],
       [ 0.05601314],
       [-0.00891773],
       [-0.03893133],
       [ 0.08097441],
       [ 0.12633853],
       [-0.1182243 ],
       [-0.12788631],
       [-0.06567863],
       [ 0.00575317],
       [-0.17822382],
       [-0.0851683 ],
       [ 0.13384001],
       [ 0.06624708],
       [ 0.02931092],
       [-0.01490324],
       [-0.01128559],
       [-0.020816  ],
       [-0.06998346],
       [ 0.00424959],
       [ 0.09347562],
       [ 0.033476  ],
       [ 0.11985282],
       [-0.11230496],
       [ 0.13689122],
       [ 0.08181826],
       [-0.06382869],
       [ 0.1018186 ],
       [ 0.07386091],
       [-0.04267626],
       [ 0.03243186],
       [ 0.06061611],
       [ 0.03779365],
       [-0.05721551],
       [ 0.01748651],
       [-0.06823029],
       [-0.01719869],
       [-0.01564525],
       [ 0.06527904],
       [ 0.09173377],
       [ 0.00841186],
       [-0.01295794],
       [-0.02067309],
       [ 0.02693672],
       [-0.02528036],
       [-0.07879613],
       [-0.06877039],
       [ 0.04836305],
       [-0.12993029],
       [-0.05796706],
       [-0.02653323],
       [ 0.05499956],
       [ 0.02576508],
       [ 0.05641162],
       [ 0.08775428],
       [ 0.02294069],
       [ 0.04462859],
       [-0.00870273],
       [-0.08210403],
       [ 0.1334805 ],
       [ 0.03971382],
       [-0.06200667],
       [ 0.04654744],
       [-0.0941423 ],
       [-0.05132753]], dtype=float32),
        array([[-0.05623887],
       [ 0.12322871],
       [ 0.07792933],
       [-0.00691098],
       [ 0.05565969],
       [ 0.03640147],
       [ 0.05750693],
       [-0.09177671],
       [-0.01289111],
       [-0.00636061],
       [-0.0356998 ],
       [-0.02068079],
       [ 0.04499647],
       [-0.04261595],
       [ 0.02494694],
       [ 0.07130049],
       [-0.02167837],
       [-0.05062507],
       [ 0.11503911],
       [-0.09949303],
       [ 0.1064323 ],
       [-0.0370784 ],
       [-0.04851507],
       [ 0.15095142],
       [ 0.07632682],
       [-0.00477489],
       [ 0.01555958],
       [ 0.01586661],
       [ 0.09266251],
       [-0.06315594],
       [ 0.02587588],
       [-0.0040098 ],
       [-0.01090995],
       [ 0.05382226],
       [ 0.08002473],
       [-0.03233301],
       [ 0.00922142],
       [ 0.06265492],
       [ 0.01725513],
       [ 0.08526308],
       [-0.09893345],
       [ 0.00932902],
       [ 0.06246988],
       [-0.01127095],
       [ 0.15501055],
       [ 0.07005138],
       [ 0.11187216],
       [-0.07927349],
       [ 0.07267656],
       [ 0.09760544],
       [ 0.05236932],
       [ 0.01865973],
       [ 0.04339801],
       [ 0.0197743 ],
       [-0.06193399],
       [ 0.09815323],
       [-0.07835703],
       [ 0.07278416],
       [ 0.04650416],
       [-0.14347509],
       [-0.08357716],
       [ 0.03600667],
       [-0.05531694],
       [-0.08474036],
       [ 0.03053273],
       [-0.03743742],
       [-0.00736058],
       [ 0.05833442],
       [-0.02723737],
       [ 0.09184786],
       [-0.04794296],
       [ 0.05162206],
       [-0.01641052],
       [-0.05581426],
       [ 0.07929224],
       [ 0.05267337],
       [ 0.0399478 ],
       [-0.11506512],
       [-0.16548142],
       [-0.02269104],
       [-0.03488865],
       [-0.13047871],
       [ 0.01467561],
       [ 0.10272614],
       [-0.06922465],
       [ 0.03913409],
       [ 0.04449314],
       [-0.01609408],
       [-0.12805471],
       [-0.03553056],
       [-0.1016067 ],
       [-0.03235292],
       [-0.04522183],
       [-0.00394133],
       [ 0.09185283],
       [ 0.10938017],
       [-0.10397173],
       [ 0.0667759 ],
       [-0.04676418],
       [-0.03202883],
       [-0.15881163],
       [ 0.00288035],
       [ 0.01232602],
       [-0.11173365],
       [-0.0895768 ],
       [ 0.09396207],
       [ 0.06009423],
       [-0.05540088],
       [-0.02534174],
       [ 0.16777699],
       [-0.0010855 ],
       [-0.13976651],
       [ 0.01484494],
       [ 0.02790571],
       [ 0.09603516],
       [-0.09718815],
       [ 0.08761036],
       [-0.02987868],
       [-0.17992921],
       [-0.01017686],
       [ 0.0301599 ],
       [-0.0451401 ],
       [-0.00292658],
       [ 0.01754486],
       [ 0.05236329],
       [ 0.03575709],
       [ 0.0407526 ],
       [-0.04460254]], dtype=float32),
        array([[ 0.0820474 ],
       [ 0.05551723],
       [ 0.07779986],
       [ 0.0007093 ],
       [-0.01387844],
       [-0.00045735],
       [-0.03493836],
       [ 0.03930229],
       [ 0.03926971],
       [-0.06083865],
       [-0.07882923],
       [ 0.07037468],
       [-0.01538834],
       [ 0.07948012],
       [ 0.06211682],
       [ 0.03063705],
       [ 0.01360116],
       [ 0.09803283],
       [-0.02307306],
       [ 0.0357037 ],
       [ 0.04679165],
       [ 0.06494334],
       [ 0.08597287],
       [ 0.06972714],
       [-0.00284063],
       [ 0.08909936],
       [ 0.07402398],
       [ 0.00322249],
       [ 0.07728769],
       [-0.00857861],
       [ 0.03983553],
       [ 0.07813717],
       [ 0.02739201],
       [ 0.06601752],
       [ 0.04979371],
       [ 0.00680832]], dtype=float32)]], dtype=object)
  array([[array([[-0.01149003],
       [ 0.09033296],
       [-0.08568295],
       [ 0.015682  ],
       [ 0.16236493],
       [-0.13317451],
       [ 0.03254998],
       [-0.04092952],
       [ 0.11360941],
       [ 0.06210013],
       [ 0.05845971],
       [-0.13425952],
       [ 0.0723911 ],
       [-0.14755158],
       [ 0.01631741],
       [-0.05004101],
       [ 0.10148831],
       [ 0.00920821],
       [-0.01233901],
       [ 0.03448296],
       [ 0.21739712],
       [-0.17429514],
       [ 0.09004574],
       [-0.06021884],
       [ 0.08566438],
       [ 0.05496902],
       [ 0.12408991],
       [ 0.02476004],
       [ 0.08549657],
       [-0.08654711],
       [ 0.12130936],
       [ 0.03640946],
       [ 0.06248489],
       [-0.04156895],
       [ 0.00194613],
       [-0.13124926],
       [-0.05853514],
       [ 0.08724602],
       [ 0.0994782 ],
       [-0.10440619],
       [ 0.08894923],
       [-0.08339366],
       [ 0.10797331],
       [-0.06258584],
       [ 0.04442929],
       [-0.0141882 ],
       [-0.0117006 ],
       [-0.10161921],
       [-0.00065944],
       [ 0.09604392],
       [ 0.03002712],
       [-0.0477135 ],
       [-0.02064554],
       [ 0.03735907],
       [ 0.10284616],
       [ 0.05393162],
       [ 0.07369097],
       [ 0.06153211],
       [ 0.04881165],
       [-0.09131239],
       [ 0.06800463],
       [ 0.14718623],
       [ 0.11710876],
       [ 0.17254308],
       [-0.06990726],
       [ 0.13369691],
       [ 0.00982604],
       [ 0.09843637],
       [ 0.00388613],
       [-0.00149881],
       [ 0.08068314],
       [ 0.1309029 ],
       [ 0.05016421],
       [ 0.09795089],
       [ 0.14680089],
       [-0.0498533 ],
       [ 0.04975447],
       [-0.03462718],
       [-0.13612264],
       [-0.05440677],
       [-0.12549774],
       [-0.03804671],
       [-0.06020468],
       [ 0.06008867],
       [ 0.05324243],
       [-0.03982762],
       [-0.08420856],
       [ 0.01537667],
       [ 0.03278075],
       [-0.00928733],
       [ 0.00924617],
       [-0.01426191],
       [ 0.14727426],
       [-0.1474189 ],
       [ 0.04273294],
       [-0.07988357],
       [ 0.14442542],
       [ 0.08224088],
       [ 0.01398004],
       [ 0.06352422],
       [-0.03471992],
       [ 0.05004846],
       [-0.07199586],
       [ 0.06252549],
       [-0.05843901],
       [ 0.08000386],
       [ 0.16446815],
       [-0.05061887],
       [ 0.09100657],
       [-0.03378033],
       [ 0.04974957],
       [-0.04015597],
       [-0.00820317],
       [ 0.17757487],
       [ 0.08423572],
       [ 0.02273011],
       [ 0.0050582 ],
       [ 0.15037568],
       [ 0.06560414],
       [ 0.07423926],
       [ 0.02930181],
       [ 0.03578799],
       [ 0.06109523],
       [ 0.21653914],
       [ 0.1399061 ],
       [ 0.11884794],
       [-0.01168315],
       [-0.02022411]], dtype=float32),
        array([[-0.01664099],
       [-0.01352475],
       [-0.05764081],
       [ 0.07995417],
       [ 0.04085913],
       [ 0.02323336],
       [-0.05464453],
       [-0.02407104],
       [ 0.02057628],
       [-0.11586908],
       [-0.05086641],
       [-0.10398642],
       [ 0.01483208],
       [-0.04111522],
       [ 0.03810975],
       [-0.04659926],
       [ 0.01244198],
       [ 0.01559968],
       [ 0.06383733],
       [ 0.04517639],
       [-0.00072039],
       [-0.05032689],
       [ 0.06591393],
       [ 0.0851071 ],
       [-0.06116863],
       [ 0.07125133],
       [ 0.08371777],
       [ 0.1005237 ],
       [-0.0499272 ],
       [-0.01390792],
       [ 0.08403759],
       [-0.02487782],
       [ 0.05370205],
       [-0.0144473 ],
       [-0.06302722],
       [ 0.06123218],
       [-0.01384984],
       [-0.11222448],
       [ 0.05183011],
       [ 0.01355888],
       [-0.05178522],
       [-0.03390934],
       [-0.02524108],
       [-0.05430408],
       [ 0.05790927],
       [-0.08142259],
       [ 0.06387027],
       [-0.07388849],
       [-0.0370588 ],
       [ 0.05000355],
       [-0.07213762],
       [-0.03507034],
       [ 0.01591804],
       [-0.02845958],
       [ 0.05054269],
       [ 0.0606246 ],
       [-0.06740091],
       [-0.00093052],
       [-0.02721652],
       [-0.08712304],
       [ 0.12756833],
       [ 0.08879708],
       [-0.05207742],
       [-0.04143708],
       [ 0.05808888],
       [ 0.10825025],
       [ 0.02008346],
       [ 0.00534541],
       [ 0.05792734],
       [-0.03761776],
       [-0.04019189],
       [-0.07865077],
       [-0.00286459],
       [-0.10071725],
       [-0.05775518],
       [ 0.05358637],
       [ 0.01235961],
       [ 0.04326313],
       [-0.00810696],
       [-0.07677384],
       [-0.07573205],
       [-0.04455904],
       [-0.07626686],
       [-0.1364286 ],
       [ 0.0564623 ],
       [ 0.08146843],
       [ 0.10974594],
       [-0.10956046],
       [ 0.03580738],
       [-0.02691313],
       [ 0.00573843],
       [-0.11508814],
       [-0.01052647],
       [ 0.00497248],
       [-0.07467248],
       [ 0.08740092],
       [-0.08943643],
       [ 0.0944318 ],
       [ 0.00692772],
       [ 0.05772064],
       [-0.04675911],
       [-0.00562656],
       [-0.01450531],
       [-0.07393642],
       [ 0.04718132],
       [-0.05356932],
       [-0.02022128],
       [ 0.07363889],
       [-0.00899774],
       [-0.07354854],
       [ 0.01161114],
       [-0.02853216],
       [ 0.10987107],
       [ 0.04847645],
       [-0.05827143],
       [ 0.03122883],
       [ 0.08695854],
       [ 0.091884  ],
       [-0.03995639],
       [-0.04141162],
       [ 0.00783253],
       [ 0.06865031],
       [-0.00804593],
       [ 0.00826854],
       [ 0.03997592],
       [-0.00966547],
       [ 0.00391961],
       [ 0.03976944]], dtype=float32),
        array([[-0.07031833],
       [ 0.06965713],
       [ 0.06513508],
       [-0.02097527],
       [-0.09910879],
       [ 0.00182093],
       [ 0.09614007],
       [-0.0784282 ],
       [ 0.04098077],
       [-0.00498901],
       [-0.01487991],
       [-0.08657707],
       [-0.0337232 ],
       [-0.08701278],
       [-0.02105811],
       [ 0.07219801],
       [ 0.00550284],
       [ 0.06385778],
       [ 0.1003959 ],
       [-0.05335921],
       [ 0.1121207 ],
       [-0.02370968],
       [ 0.06358878],
       [-0.01643348],
       [ 0.09188642],
       [ 0.01886001],
       [-0.12192508],
       [-0.04386626],
       [-0.03228462],
       [ 0.07339241],
       [ 0.09709559],
       [ 0.07851806],
       [-0.06260683],
       [ 0.07584897],
       [-0.02785907],
       [-0.02808338],
       [ 0.0623288 ],
       [ 0.09946522],
       [ 0.01475886],
       [-0.03489953],
       [-0.0019675 ],
       [-0.04171208],
       [-0.06030121],
       [-0.10823266],
       [-0.07261766],
       [-0.02812855],
       [-0.06163529],
       [ 0.01746795],
       [ 0.06794286],
       [ 0.07049236],
       [ 0.10220304],
       [ 0.11142415],
       [-0.08114853],
       [-0.02620697],
       [ 0.07124374],
       [ 0.0150439 ],
       [-0.12458653],
       [ 0.02695419],
       [-0.05799652],
       [-0.02540931],
       [ 0.1025924 ],
       [ 0.05236533],
       [-0.02441504],
       [ 0.01125194],
       [ 0.13882047],
       [-0.01850689],
       [-0.09233779],
       [ 0.12643427],
       [ 0.04509289],
       [ 0.1082423 ],
       [ 0.05107969],
       [-0.07385494],
       [ 0.09726369],
       [ 0.01676409],
       [-0.0539126 ],
       [ 0.05550971],
       [ 0.02205334],
       [-0.0093391 ],
       [-0.11487646],
       [-0.14125295],
       [ 0.04987379],
       [ 0.15871537],
       [ 0.06798239],
       [-0.09535019],
       [ 0.01182532],
       [ 0.01787096],
       [-0.0381254 ],
       [-0.05730442],
       [ 0.05610538],
       [ 0.04436641],
       [-0.02521519],
       [ 0.0983132 ],
       [ 0.07604985],
       [-0.12833937],
       [ 0.04967397],
       [-0.10130773],
       [-0.08830925],
       [ 0.05770118],
       [ 0.03897136],
       [ 0.03751932],
       [ 0.12303811],
       [-0.11945048],
       [ 0.089917  ],
       [-0.02150501],
       [-0.00523613],
       [-0.08064203],
       [ 0.05588649],
       [-0.04123076],
       [ 0.04070337],
       [ 0.04263904],
       [ 0.02224504],
       [-0.0700243 ],
       [-0.06462569],
       [-0.06392324],
       [ 0.03919808],
       [-0.03535119],
       [-0.03673313],
       [-0.07422893],
       [-0.03023417],
       [-0.02207899],
       [ 0.11339193],
       [ 0.01583249],
       [-0.02729294],
       [-0.05294998],
       [-0.02981256],
       [ 0.05289684],
       [-0.0626359 ],
       [ 0.1160682 ]], dtype=float32),
        array([[-0.03267446],
       [-0.06718144],
       [ 0.01760073],
       [ 0.01644377],
       [ 0.14529635],
       [ 0.10764185],
       [-0.07569727],
       [-0.04080994],
       [ 0.13351953],
       [ 0.1040118 ],
       [-0.01145206],
       [-0.12127526],
       [ 0.01526824],
       [ 0.06716647],
       [-0.05942262],
       [ 0.05546014],
       [-0.12774317],
       [-0.09350204],
       [ 0.09055126],
       [-0.09542672],
       [-0.02326181],
       [-0.03566373],
       [-0.02845145],
       [-0.01857452],
       [-0.05668485],
       [-0.06683575],
       [-0.000285  ],
       [ 0.02077975],
       [-0.0493806 ],
       [-0.07539833],
       [ 0.04410999],
       [ 0.01978337],
       [-0.04803574],
       [ 0.05348492],
       [ 0.06605791],
       [ 0.0426953 ],
       [-0.04000039],
       [ 0.11190853],
       [-0.10320356],
       [ 0.11983164],
       [ 0.05749738],
       [-0.10142   ],
       [ 0.02276641],
       [-0.11466735],
       [ 0.07747878],
       [ 0.10154108],
       [-0.06406645],
       [ 0.146235  ],
       [-0.06323615],
       [-0.06094535],
       [-0.04563061],
       [-0.01838667],
       [ 0.00804811],
       [ 0.06085733],
       [-0.12117796],
       [ 0.10858271],
       [ 0.08570132],
       [ 0.03428975],
       [-0.01059258],
       [-0.00696939],
       [ 0.0456677 ],
       [-0.05459387],
       [ 0.14716315],
       [ 0.0030851 ],
       [ 0.09299487],
       [-0.02118702],
       [-0.02396455],
       [-0.03249047],
       [ 0.04309012],
       [ 0.08446541],
       [ 0.10709291],
       [-0.08971927],
       [-0.05302309],
       [ 0.0346874 ],
       [ 0.09767149],
       [-0.10963129],
       [-0.17893727],
       [ 0.11106356],
       [ 0.06688688],
       [-0.07708009],
       [ 0.02632198],
       [ 0.06608224],
       [ 0.09871688],
       [ 0.03544424],
       [ 0.09084698],
       [-0.08593717],
       [ 0.04807064],
       [-0.11918423],
       [-0.01270226],
       [-0.01121636],
       [ 0.07249676],
       [ 0.18409632],
       [ 0.07212608],
       [-0.04241631],
       [ 0.12820083],
       [ 0.02934747],
       [ 0.03504439],
       [ 0.09789231],
       [-0.14926535],
       [-0.16308561],
       [ 0.03682584],
       [-0.15453595],
       [-0.02705124],
       [-0.05690724],
       [ 0.10941602],
       [-0.13010941],
       [ 0.00280125],
       [ 0.0110329 ],
       [-0.05262599],
       [-0.10063706],
       [ 0.07537139],
       [-0.01045368],
       [-0.06290358],
       [ 0.00052403],
       [-0.0284432 ],
       [-0.06608762],
       [-0.07285566],
       [-0.05623097],
       [ 0.12898055],
       [-0.23405015],
       [-0.0540804 ],
       [-0.05741343],
       [-0.18403225],
       [ 0.07866832],
       [-0.02240198],
       [ 0.03319737],
       [ 0.02807808],
       [-0.03085487]], dtype=float32),
        array([[ 0.51658803],
       [ 0.22864111],
       [ 0.265876  ],
       [ 0.07845503],
       [ 0.12152244],
       [ 0.14385553],
       [-0.0323481 ],
       [ 0.03057886],
       [ 0.07360256],
       [ 0.10121568],
       [-0.02233555],
       [-0.07333939],
       [-0.07396005],
       [-0.03787297],
       [-0.07047941],
       [-0.02045321],
       [-0.0811827 ],
       [-0.0289764 ],
       [-0.04925375],
       [-0.00759029],
       [-0.09929497],
       [ 0.03886342],
       [-0.01156457],
       [-0.0649801 ],
       [ 0.04555615],
       [-0.09661862],
       [ 0.00082965],
       [ 0.03861633],
       [-0.05300723],
       [ 0.03516972],
       [ 0.06583239],
       [ 0.00879424],
       [ 0.00591843],
       [-0.07279428],
       [-0.05276993],
       [ 0.10039493]], dtype=float32)]], dtype=object)
  array([[array([[ 0.06482767],
       [ 0.05308163],
       [-0.00284907],
       [-0.04133346],
       [ 0.15222932],
       [ 0.13831411],
       [-0.07734872],
       [ 0.04869668],
       [ 0.07086537],
       [-0.0824643 ],
       [-0.01959626],
       [ 0.13440366],
       [ 0.1359651 ],
       [ 0.14500797],
       [ 0.02443466],
       [ 0.06361409],
       [ 0.11149723],
       [ 0.06865843],
       [ 0.02514425],
       [-0.03029168],
       [-0.0607743 ],
       [-0.00796535],
       [-0.08617159],
       [-0.12148257],
       [ 0.05013263],
       [-0.18759984],
       [-0.03630857],
       [ 0.06641161],
       [-0.06225458],
       [ 0.04125889],
       [-0.09499931],
       [ 0.01832819],
       [-0.02384463],
       [ 0.00539073],
       [-0.03090894],
       [ 0.0968379 ],
       [ 0.12226229],
       [-0.01032091],
       [-0.03438962],
       [ 0.05807691],
       [-0.09275974],
       [-0.01457156],
       [ 0.03517259],
       [ 0.02084535],
       [ 0.00765097],
       [ 0.10320425],
       [-0.02431711],
       [ 0.09845435],
       [ 0.10767444],
       [ 0.07206161],
       [ 0.12641543],
       [ 0.06441217],
       [ 0.01120557],
       [-0.05222996],
       [ 0.06806782],
       [ 0.13625677],
       [ 0.02380727],
       [-0.18425496],
       [ 0.04109884],
       [-0.07135049],
       [ 0.06357933],
       [-0.13930187],
       [-0.00766058],
       [-0.0943202 ],
       [-0.02128999],
       [-0.01422192],
       [ 0.06609596],
       [ 0.01496391],
       [ 0.17895259],
       [ 0.10279903],
       [ 0.0291735 ],
       [ 0.00238902],
       [-0.13389128],
       [-0.02204586],
       [ 0.00287885],
       [ 0.1033608 ],
       [ 0.03205296],
       [ 0.12147276],
       [ 0.03318503],
       [-0.0453896 ],
       [-0.01803467],
       [ 0.13086516],
       [-0.13220704],
       [-0.16771334],
       [-0.07355773],
       [ 0.16377093],
       [-0.09183868],
       [ 0.02461809],
       [ 0.00040022],
       [ 0.13197647],
       [ 0.04670976],
       [-0.05040092],
       [ 0.00299904],
       [-0.01664962],
       [ 0.11441759],
       [ 0.07193818],
       [ 0.16025504],
       [ 0.19260411],
       [ 0.05298061],
       [ 0.02140276],
       [ 0.13140641],
       [ 0.11682387],
       [ 0.01714897],
       [ 0.12471172],
       [ 0.10987096],
       [-0.07606299],
       [-0.07821383],
       [ 0.11815175],
       [ 0.12116005],
       [ 0.14148025],
       [ 0.04902158],
       [ 0.10808659],
       [-0.17561148],
       [-0.13711524],
       [-0.05406015],
       [ 0.12806368],
       [ 0.06134356],
       [ 0.08382786],
       [ 0.04512498],
       [ 0.02423024],
       [ 0.06371586],
       [ 0.12044372],
       [-0.08007854],
       [ 0.06124217],
       [ 0.0750049 ],
       [ 0.01865667],
       [-0.09534387],
       [ 0.03551482]], dtype=float32),
        array([[ 0.0625511 ],
       [-0.06436177],
       [ 0.0910475 ],
       [ 0.01520647],
       [-0.11195826],
       [ 0.02892367],
       [ 0.10418514],
       [ 0.07302454],
       [-0.02327874],
       [ 0.07760594],
       [ 0.14951086],
       [-0.02539031],
       [-0.05067186],
       [ 0.0325114 ],
       [ 0.05824243],
       [ 0.04191276],
       [-0.03890675],
       [-0.00820274],
       [ 0.12174543],
       [-0.05169832],
       [-0.06170747],
       [-0.0536865 ],
       [-0.07808284],
       [-0.05716581],
       [ 0.08809958],
       [-0.0160777 ],
       [-0.02179122],
       [ 0.05247682],
       [-0.04805977],
       [-0.10027016],
       [-0.03746818],
       [-0.0603161 ],
       [-0.04471333],
       [ 0.01087525],
       [ 0.0045069 ],
       [-0.0247209 ],
       [ 0.02630394],
       [ 0.04667365],
       [ 0.11580126],
       [-0.06805451],
       [-0.03190491],
       [ 0.05167952],
       [ 0.04797064],
       [-0.01992178],
       [-0.07686315],
       [ 0.00125742],
       [-0.0160792 ],
       [-0.054663  ],
       [ 0.0987058 ],
       [ 0.03026256],
       [-0.01967589],
       [-0.02701995],
       [ 0.05664665],
       [ 0.02523124],
       [ 0.04870226],
       [-0.03245785],
       [-0.04518442],
       [-0.04227347],
       [ 0.0192306 ],
       [ 0.05772474],
       [ 0.07543778],
       [ 0.02532487],
       [-0.06234683],
       [ 0.06449646],
       [-0.03975758],
       [ 0.04273978],
       [-0.07174421],
       [ 0.09127613],
       [-0.07235139],
       [ 0.09010528],
       [ 0.07686859],
       [-0.04669   ],
       [ 0.02440861],
       [-0.02928832],
       [-0.01979505],
       [-0.04053374],
       [-0.04658697],
       [-0.02809194],
       [ 0.08185486],
       [ 0.00549798],
       [-0.0727089 ],
       [ 0.03310048],
       [ 0.03782889],
       [-0.01253131],
       [ 0.11790392],
       [ 0.03032949],
       [-0.04742885],
       [ 0.00790324],
       [-0.00879407],
       [ 0.06433845],
       [-0.00912087],
       [-0.06891217],
       [ 0.12348448],
       [ 0.0019776 ],
       [ 0.1173448 ],
       [-0.03587151],
       [-0.09000116],
       [-0.08365148],
       [ 0.07773697],
       [-0.00445355],
       [ 0.07658635],
       [-0.07310999],
       [-0.05533282],
       [ 0.02019287],
       [-0.08690323],
       [-0.11429178],
       [ 0.05917528],
       [-0.02953755],
       [ 0.06648088],
       [ 0.09935024],
       [-0.05541551],
       [-0.00562349],
       [ 0.00743943],
       [ 0.01433757],
       [-0.07862596],
       [ 0.08129685],
       [ 0.07607461],
       [-0.01544715],
       [ 0.0344018 ],
       [ 0.09265999],
       [ 0.02153393],
       [ 0.13299538],
       [-0.00625559],
       [ 0.00364922],
       [ 0.07255105],
       [ 0.06167454],
       [-0.06237122],
       [ 0.05487679]], dtype=float32),
        array([[ 4.1753788e-02],
       [ 1.1794152e-01],
       [ 3.2676276e-02],
       [ 1.4609507e-01],
       [ 7.5282291e-02],
       [ 9.5230587e-02],
       [-4.0032718e-02],
       [-4.0841457e-02],
       [-2.9462012e-03],
       [ 1.3170776e-01],
       [ 1.1456179e-01],
       [ 1.3109219e-01],
       [-7.8866601e-02],
       [ 3.4416448e-02],
       [ 6.5447263e-02],
       [-3.5668094e-02],
       [ 8.6680487e-02],
       [ 3.8042147e-02],
       [ 7.5227320e-02],
       [ 3.7366338e-02],
       [ 9.5676500e-05],
       [-4.8864942e-02],
       [ 8.4797427e-02],
       [ 6.4516194e-02],
       [-7.7346407e-02],
       [ 9.2778519e-02],
       [-4.6511684e-02],
       [-4.6142966e-02],
       [-6.0066968e-02],
       [ 3.6932688e-02],
       [ 9.2151210e-02],
       [ 9.7655922e-02],
       [-2.9868908e-02],
       [ 7.3274903e-02],
       [ 2.5361102e-02],
       [ 8.0091193e-02],
       [ 5.8876402e-03],
       [-6.0785946e-02],
       [-1.3798743e-03],
       [-1.4434329e-01],
       [ 4.4045333e-02],
       [-1.1045569e-02],
       [ 8.2919627e-02],
       [ 5.3617131e-02],
       [ 1.8486895e-02],
       [-3.0028550e-02],
       [-4.6204790e-02],
       [ 1.8064337e-02],
       [-1.0351745e-01],
       [-8.4218659e-02],
       [-7.4370690e-02],
       [ 1.4916231e-01],
       [-3.3639230e-02],
       [-1.0866831e-01],
       [ 2.1791441e-02],
       [-1.2193636e-02],
       [-6.6825099e-02],
       [-4.0364414e-03],
       [ 9.1142155e-02],
       [-6.7344546e-02],
       [-7.9961695e-02],
       [ 7.6536432e-02],
       [ 8.0796823e-02],
       [ 4.8282210e-02],
       [ 8.9174934e-02],
       [-2.3352573e-02],
       [-5.7741180e-02],
       [-7.3905125e-02],
       [-8.0077045e-02],
       [-6.7121751e-04],
       [ 8.7187655e-02],
       [ 6.4460486e-02],
       [-2.7561115e-02],
       [-5.1858444e-02],
       [ 2.3533149e-02],
       [ 1.1382682e-02],
       [ 9.7925775e-02],
       [ 7.8226417e-02],
       [ 1.0486596e-01],
       [ 6.1914891e-02],
       [-7.0976712e-02],
       [ 1.0716484e-02],
       [ 3.5763703e-02],
       [ 9.1931343e-02],
       [-5.7426497e-02],
       [-3.8086489e-02],
       [ 1.0856073e-01],
       [ 2.2730466e-02],
       [-6.3771293e-02],
       [ 5.1131576e-02],
       [-1.4569603e-02],
       [-3.4177990e-03],
       [-2.5144378e-03],
       [-5.3139674e-03],
       [ 4.5554705e-02],
       [ 2.9895009e-02],
       [ 1.0558043e-01],
       [ 6.9222704e-02],
       [ 1.3773176e-01],
       [-1.7819136e-01],
       [ 2.9867066e-02],
       [ 1.1153253e-01],
       [-3.3655629e-02],
       [-1.3081633e-01],
       [-1.3072300e-01],
       [-2.6841011e-02],
       [-5.4925986e-02],
       [ 3.6064610e-02],
       [-2.0511956e-04],
       [-3.6197320e-02],
       [-5.8586616e-02],
       [-1.1139188e-02],
       [-7.1700573e-02],
       [-1.6349639e-01],
       [ 2.1165436e-02],
       [ 3.7305810e-02],
       [-2.5594853e-02],
       [-3.4580268e-02],
       [-7.4996855e-03],
       [-1.0848974e-01],
       [-1.2154392e-01],
       [-5.5290652e-03],
       [ 1.2506740e-01],
       [ 3.1796183e-02],
       [-7.3987149e-02],
       [-1.0849835e-01],
       [ 4.6438333e-02],
       [ 7.1640097e-02]], dtype=float32),
        array([[ 0.08880968],
       [-0.02312357],
       [ 0.09810757],
       [ 0.17964004],
       [ 0.14652722],
       [ 0.10298653],
       [ 0.08927278],
       [ 0.09326028],
       [-0.02673393],
       [ 0.01589506],
       [-0.07555798],
       [ 0.04747647],
       [ 0.10104202],
       [ 0.08040468],
       [-0.06614566],
       [-0.08254666],
       [-0.00427295],
       [-0.01853205],
       [ 0.00287216],
       [-0.07685035],
       [ 0.07030118],
       [ 0.0863222 ],
       [ 0.12198689],
       [-0.11023962],
       [ 0.01861975],
       [ 0.07757188],
       [-0.06953827],
       [-0.1204515 ],
       [ 0.09538629],
       [-0.00755286],
       [-0.01537595],
       [ 0.09228831],
       [-0.09191293],
       [-0.16869228],
       [ 0.03782299],
       [-0.09883825],
       [ 0.09740073],
       [-0.08756389],
       [-0.04411778],
       [-0.0927156 ],
       [ 0.09498712],
       [ 0.07700187],
       [ 0.0298915 ],
       [ 0.0732962 ],
       [-0.00333491],
       [-0.0104672 ],
       [-0.14474802],
       [-0.07061467],
       [-0.00072758],
       [ 0.11107686],
       [ 0.10246043],
       [-0.05910387],
       [-0.07974201],
       [-0.02729337],
       [-0.04992931],
       [ 0.07395696],
       [-0.05707011],
       [-0.01809107],
       [ 0.0898053 ],
       [ 0.12239861],
       [ 0.08402231],
       [ 0.04079077],
       [ 0.02946277],
       [-0.04470154],
       [ 0.05601973],
       [-0.13890728],
       [-0.09052517],
       [ 0.0240197 ],
       [-0.00276173],
       [-0.04538046],
       [ 0.0944156 ],
       [-0.10983817],
       [ 0.10943777],
       [-0.00310483],
       [ 0.11254207],
       [ 0.1465676 ],
       [ 0.06921523],
       [-0.09445172],
       [ 0.07811562],
       [-0.0050063 ],
       [ 0.1092794 ],
       [ 0.01111276],
       [ 0.03186241],
       [-0.16688842],
       [-0.03022926],
       [ 0.010581  ],
       [ 0.0004136 ],
       [ 0.1198303 ],
       [-0.12727962],
       [ 0.0414784 ],
       [ 0.10243986],
       [ 0.05704008],
       [ 0.02145286],
       [-0.0371601 ],
       [ 0.12936477],
       [ 0.06201469],
       [ 0.09133388],
       [ 0.04393923],
       [-0.05706983],
       [-0.06167804],
       [ 0.03604401],
       [-0.10427192],
       [ 0.08378775],
       [-0.0078973 ],
       [-0.01644144],
       [-0.0612171 ],
       [ 0.00696895],
       [-0.04363338],
       [-0.03464473],
       [-0.0056176 ],
       [ 0.12407167],
       [ 0.08400682],
       [ 0.00113977],
       [ 0.04272152],
       [-0.1907978 ],
       [ 0.05652036],
       [ 0.04792092],
       [-0.16644423],
       [ 0.08998767],
       [ 0.04723049],
       [-0.07886546],
       [ 0.08509763],
       [-0.05794774],
       [ 0.0047513 ],
       [-0.05947244],
       [-0.06750342],
       [ 0.00756873],
       [ 0.12373807]], dtype=float32),
        array([[ 0.55418944],
       [ 0.37966415],
       [ 0.06240405],
       [ 0.04826434],
       [ 0.0201722 ],
       [ 0.04969468],
       [ 0.09483091],
       [-0.0714009 ],
       [-0.05347561],
       [ 0.08139031],
       [ 0.09992708],
       [ 0.07680245],
       [-0.00560462],
       [-0.04825205],
       [-0.019798  ],
       [-0.031554  ],
       [-0.03948549],
       [ 0.01874245],
       [ 0.06523597],
       [-0.010379  ],
       [ 0.01538656],
       [-0.03831784],
       [-0.0838811 ],
       [ 0.0771962 ],
       [ 0.02937086],
       [-0.02986668],
       [ 0.00175858],
       [-0.06427813],
       [ 0.09589905],
       [-0.0415926 ],
       [-0.05926424],
       [ 0.07545337],
       [-0.02886768],
       [ 0.10001536],
       [ 0.00546563],
       [ 0.00145913]], dtype=float32)]], dtype=object)]]
[[array([[array([[ 0.04230994,  0.03566914,  0.12626493, ...,  0.13975419,
         0.05709329, -0.0273453 ],
       [ 0.07596932,  0.0707341 , -0.02247622, ...,  0.06929577,
        -0.02056096, -0.10299775],
       [ 0.05546705, -0.00050138,  0.10789449, ...,  0.08791359,
        -0.02562691, -0.07550552],
       ...,
       [-0.12472595, -0.11312246, -0.07999432, ...,  0.07059681,
         0.06694357,  0.0357029 ],
       [-0.04123574, -0.09277894, -0.07932771, ..., -0.07683561,
        -0.06400761, -0.10643429],
       [ 0.16830635,  0.06366456,  0.05559885, ..., -0.03023464,
        -0.02898677,  0.0280451 ]], dtype=float32),
        array([[-0.06117257,  0.07308193, -0.06005996, ...,  0.047613  ,
         0.04631646, -0.01631364],
       [-0.03119386,  0.10696058, -0.00225349, ..., -0.10258693,
         0.13294291,  0.0012448 ],
       [-0.04217356,  0.03726131, -0.10888088, ...,  0.11355632,
         0.06424014, -0.02052674],
       ...,
       [ 0.12496299,  0.1278076 ,  0.04729776, ...,  0.10301927,
         0.04866514,  0.01252416],
       [-0.06077706,  0.00921543,  0.1028047 , ...,  0.02917228,
        -0.03880201,  0.00895193],
       [ 0.00889295,  0.06813348,  0.10820226, ...,  0.05652128,
        -0.00950762,  0.1109488 ]], dtype=float32),
        array([[ 0.02234559,  0.03139477,  0.0664846 , ...,  0.05384393,
         0.08414882, -0.01679286],
       [ 0.17732403, -0.04068821,  0.07166068, ..., -0.2523267 ,
         0.07506894,  0.12306143],
       [ 0.03358474, -0.04259928, -0.00361537, ...,  0.06545485,
         0.07772831,  0.07183894],
       ...,
       [-0.00611591,  0.05757149,  0.03986625, ..., -0.04429429,
         0.01155107,  0.07564072],
       [ 0.10222105,  0.04506689, -0.02628902, ..., -0.02634955,
        -0.01411054, -0.12631015],
       [ 0.10235774, -0.03760064,  0.0472726 , ...,  0.06577227,
        -0.03084531, -0.08496635]], dtype=float32),
        array([[-0.0303682 ,  0.00872912,  0.0580574 , ..., -0.04141293,
         0.01219172, -0.08237832],
       [-0.03189018,  0.03352264, -0.02180592, ..., -0.02148505,
        -0.00805458, -0.01474139],
       [-0.05769775, -0.05006717,  0.04721201, ...,  0.07972418,
        -0.09873468,  0.05534608],
       ...,
       [ 0.03906693, -0.12437474,  0.06070162, ...,  0.00249305,
         0.0823181 , -0.06977206],
       [ 0.07670329,  0.07613339,  0.03690622, ..., -0.08967257,
         0.05632251, -0.09187911],
       [ 0.07358655,  0.06854473,  0.0080857 , ..., -0.06659205,
         0.04600727,  0.0066501 ]], dtype=float32),
        array([[-0.05366319, -0.01968227, -0.0988741 , ...,  0.02491129,
         0.05479286, -0.06074944],
       [ 0.00449701,  0.10863914, -0.0313847 , ..., -0.05537109,
         0.00071583, -0.0651965 ],
       [-0.08650747, -0.02767075,  0.10274117, ..., -0.12223582,
         0.03343952,  0.14639504],
       ...,
       [ 0.08467606, -0.20139123,  0.08725913, ..., -0.02079469,
         0.02518301,  0.08835674],
       [-0.05601707, -0.01771703,  0.1653571 , ..., -0.00460371,
         0.0109361 ,  0.05469513],
       [ 0.15684551, -0.09424615,  0.06116109, ..., -0.06670671,
        -0.00945561, -0.03389667]], dtype=float32)]], dtype=object)
  array([[array([[ 0.20944943,  0.18646005,  0.16861098, ..., -0.12240607,
        -0.16541201, -0.11274132],
       [-0.00498115,  0.10560518,  0.07480042, ...,  0.18475324,
         0.10574847, -0.00478419],
       [ 0.01070842,  0.00418686, -0.06597894, ...,  0.0138894 ,
         0.02099255,  0.16066377],
       ...,
       [ 0.20431174,  0.05850495,  0.13815193, ..., -0.15410863,
        -0.18385924, -0.18393718],
       [ 0.10478561, -0.00143852,  0.05905036, ..., -0.04153899,
        -0.01926968,  0.12581703],
       [-0.07715672,  0.01186238, -0.03478117, ...,  0.15399547,
         0.02418435,  0.02093284]], dtype=float32),
        array([[ 0.04960438, -0.02040404,  0.00491907, ...,  0.03321175,
         0.04955427, -0.00135541],
       [ 0.04446371, -0.06763782,  0.18979323, ..., -0.07020561,
        -0.0388138 ,  0.22240387],
       [-0.06834416, -0.06569132, -0.09048793, ..., -0.01640627,
         0.0296541 ,  0.02419384],
       ...,
       [ 0.01430816,  0.03356558,  0.0463321 , ...,  0.03376906,
         0.04250386,  0.03235576],
       [-0.09905203, -0.12437681,  0.11027367, ..., -0.07922133,
         0.04301307,  0.02108246],
       [ 0.02546704,  0.02830538, -0.01535589, ...,  0.06568234,
         0.02820731, -0.03297703]], dtype=float32),
        array([[ 0.06995663, -0.0771575 ,  0.08118314, ..., -0.03701704,
        -0.05491506,  0.02280187],
       [-0.05544987, -0.10172967, -0.06803063, ..., -0.12411256,
         0.08691538,  0.12922475],
       [ 0.00794599,  0.1786798 ,  0.06711689, ...,  0.04008569,
         0.08507388,  0.15339004],
       ...,
       [ 0.0821842 , -0.02611158, -0.01610245, ...,  0.00252248,
         0.00743201,  0.00445622],
       [ 0.20106535,  0.06069871, -0.04530551, ...,  0.03405001,
        -0.08633132, -0.0597612 ],
       [-0.14142884,  0.03112634,  0.02673011, ...,  0.04905261,
         0.09882539, -0.04062308]], dtype=float32),
        array([[ 0.15823504,  0.05707496, -0.15155119, ...,  0.1171208 ,
        -0.01146684,  0.017763  ],
       [-0.08343196, -0.02386922,  0.02671415, ...,  0.03164033,
        -0.03328148,  0.02895517],
       [-0.02675224,  0.107022  , -0.07656164, ...,  0.0295641 ,
        -0.02428952,  0.04913593],
       ...,
       [-0.22888613, -0.22773324, -0.15716808, ..., -0.03236255,
        -0.03211298,  0.08688534],
       [ 0.13645141,  0.02753611,  0.10160957, ...,  0.08779391,
         0.1180372 ,  0.02934379],
       [-0.00494195, -0.08337645,  0.03184707, ..., -0.14084186,
        -0.05269691,  0.02361281]], dtype=float32),
        array([[ 0.06820464,  0.07890469,  0.09885028, ...,  0.07453742,
        -0.10168302, -0.04606264],
       [-0.07290175,  0.32002318,  0.16577089, ..., -0.04670845,
        -0.060335  ,  0.00609955],
       [-0.17756091,  0.2635659 ,  0.15206562, ...,  0.07352958,
        -0.02315314,  0.00471985],
       ...,
       [ 0.15867896, -0.0337751 ,  0.04260605, ..., -0.05715743,
         0.11454761, -0.07819743],
       [ 0.18320021,  0.05496627,  0.06463035, ..., -0.02549909,
         0.09397917, -0.09655799],
       [ 0.1620437 ,  0.02003067,  0.10611106, ..., -0.07674164,
         0.08391492, -0.01847225]], dtype=float32)]], dtype=object)
  array([[array([[-0.04777414, -0.01232145, -0.00875615, ...,  0.06605508,
         0.07830059,  0.05426146],
       [-0.03565576, -0.02140906, -0.0068605 , ...,  0.12390082,
         0.06441198,  0.09368186],
       [ 0.1233606 ,  0.10811254,  0.08770412, ...,  0.01208013,
        -0.09985595, -0.0380379 ],
       ...,
       [-0.01986586, -0.02935367, -0.04833428, ...,  0.16999088,
         0.1440726 ,  0.01385815],
       [ 0.03779557,  0.07189175,  0.1086807 , ..., -0.04568834,
         0.00966165, -0.01337572],
       [ 0.01210817, -0.04210481,  0.0069771 , ...,  0.02020358,
         0.01568874, -0.00044543]], dtype=float32),
        array([[ 0.01690986,  0.04023419, -0.02949616, ...,  0.08677405,
        -0.05925843, -0.09767658],
       [ 0.01650081,  0.06916025,  0.03112838, ...,  0.01916072,
         0.07578205, -0.06282878],
       [-0.00268518, -0.02489466,  0.04090699, ...,  0.0774411 ,
        -0.10449199, -0.00745763],
       ...,
       [-0.05746849,  0.05120488,  0.04599869, ...,  0.02737529,
         0.07332971,  0.10578898],
       [ 0.02437953,  0.09485737, -0.03947765, ...,  0.04368248,
        -0.07745253,  0.01340606],
       [-0.01836246, -0.08521906,  0.07085963, ..., -0.1697287 ,
        -0.12694037,  0.07365981]], dtype=float32),
        array([[ 0.04439774, -0.12756407,  0.0625113 , ..., -0.01817873,
         0.03809993,  0.0147464 ],
       [ 0.05354948,  0.07449797,  0.02590017, ..., -0.03235371,
         0.06317557, -0.06057016],
       [ 0.05112973,  0.02278596,  0.05708228, ...,  0.02939105,
        -0.06888238, -0.05479367],
       ...,
       [-0.06140232, -0.04071564,  0.01098982, ...,  0.01539897,
         0.06658857, -0.08280604],
       [-0.00456202,  0.1584164 , -0.09799327, ...,  0.10286242,
         0.05886329,  0.06833181],
       [-0.08166955, -0.08433751, -0.0180566 , ...,  0.01334655,
        -0.11476747,  0.20186506]], dtype=float32),
        array([[ 0.0719764 , -0.02387349,  0.04448875, ..., -0.07085906,
        -0.05185095,  0.06817538],
       [ 0.07277204, -0.09584229,  0.02964417, ..., -0.00184275,
         0.14155023, -0.02674265],
       [ 0.09205355, -0.00400786,  0.07749581, ..., -0.07142016,
        -0.06558538, -0.00023283],
       ...,
       [-0.0411836 , -0.04824581,  0.04753576, ..., -0.12405264,
        -0.01843102,  0.06508808],
       [-0.04151758,  0.09761601,  0.048267  , ..., -0.03690827,
        -0.10688344,  0.02033771],
       [ 0.10268465, -0.02832132, -0.0876115 , ...,  0.07229835,
         0.09822103, -0.06153909]], dtype=float32),
        array([[-8.35885629e-02, -4.20376584e-02,  8.02177414e-02, ...,
        -9.36450379e-04, -3.55638117e-02,  3.48122753e-02],
       [ 6.23757439e-03, -7.73358578e-03,  1.38707504e-01, ...,
         1.18216552e-01, -9.07336471e-06,  1.10053374e-02],
       [ 5.10516502e-02, -5.27936034e-02,  2.59761307e-02, ...,
         1.22307301e-01, -9.90446657e-02, -1.93129238e-02],
       ...,
       [-1.11509888e-02, -6.39027636e-03,  7.58765191e-02, ...,
         1.35093823e-01, -2.33495738e-02,  3.25707570e-02],
       [ 1.08435147e-01,  4.70026396e-02,  9.62871909e-02, ...,
         1.08171806e-01,  1.59651134e-02,  5.60727455e-02],
       [ 1.17272347e-01, -2.69783251e-02,  8.63690600e-02, ...,
         1.32278204e-01, -5.94694279e-02,  1.15038522e-01]], dtype=float32)]],
      dtype=object)
  array([[array([[ 0.00515796,  0.08586429,  0.06009231, ...,  0.01908408,
        -0.04282873, -0.09085406],
       [-0.0200625 ,  0.04698562,  0.03714754, ...,  0.0366155 ,
         0.06631449, -0.0075869 ],
       [ 0.13753776,  0.14988074,  0.11393505, ..., -0.00132351,
        -0.08706101, -0.06763009],
       ...,
       [-0.04007312, -0.04453931, -0.01675597, ...,  0.10832389,
         0.04127925,  0.07029108],
       [-0.12061097, -0.02432281, -0.02559027, ..., -0.15598094,
        -0.12966993, -0.1415697 ],
       [-0.00585945,  0.00523177,  0.01783509, ..., -0.03483746,
         0.02735383,  0.0046931 ]], dtype=float32),
        array([[-5.5976789e-02,  3.8177518e-03,  4.2206708e-02, ...,
        -5.7825040e-02, -1.0884545e-01, -8.0827951e-02],
       [ 2.6690662e-02,  4.1470125e-02,  5.3990405e-02, ...,
         1.2554419e-01, -7.6188976e-03, -8.8681690e-02],
       [-5.8413282e-02,  5.8326814e-02,  7.5509652e-02, ...,
         6.5075286e-02, -4.5092981e-02,  2.1566516e-02],
       ...,
       [-9.4125316e-02,  7.1083717e-02, -1.0430141e-01, ...,
        -6.1945494e-02, -4.3198455e-02, -1.9993700e-01],
       [-6.7245543e-02,  3.8651731e-02,  3.1605303e-02, ...,
         4.9929995e-02, -2.7474901e-02,  7.7099606e-02],
       [ 9.1952346e-03, -1.2645783e-02,  7.4348859e-03, ...,
         1.7539317e-02, -1.2077062e-02, -8.3031249e-05]], dtype=float32),
        array([[-0.18337908, -0.03635763,  0.04706238, ...,  0.0803175 ,
        -0.08735442, -0.01461225],
       [-0.0507684 ,  0.00227922, -0.05010324, ...,  0.04762452,
         0.02268544,  0.09044242],
       [-0.04200011,  0.15297621, -0.09818391, ..., -0.15185545,
         0.08538523, -0.119279  ],
       ...,
       [-0.04750516,  0.04816679, -0.0620484 , ..., -0.16660434,
         0.12303729,  0.14606471],
       [ 0.10706475,  0.01940048, -0.00968148, ...,  0.1644619 ,
         0.02690141,  0.12622061],
       [ 0.0362429 , -0.0119039 , -0.0184416 , ..., -0.10737764,
        -0.09260912, -0.07883389]], dtype=float32),
        array([[-0.13749747,  0.06342707, -0.06739784, ..., -0.12373772,
         0.0305471 ,  0.11417919],
       [ 0.00662528,  0.03368281, -0.0952672 , ..., -0.14615205,
         0.03596021, -0.08593579],
       [-0.08670761,  0.11501445, -0.07759368, ..., -0.09248586,
        -0.01456598, -0.03189297],
       ...,
       [-0.10184567,  0.05584168,  0.01123513, ...,  0.12409844,
        -0.22192872,  0.08626019],
       [ 0.00566047,  0.03540388, -0.06558882, ..., -0.13083555,
         0.02238902, -0.1328315 ],
       [-0.02538913, -0.0016844 ,  0.0579055 , ...,  0.18097468,
         0.00174169, -0.03007861]], dtype=float32),
        array([[ 0.04377183,  0.00318453,  0.144262  , ..., -0.06237426,
        -0.01538613,  0.04287482],
       [ 0.07088871,  0.00497894,  0.04154664, ...,  0.02113592,
         0.04460497,  0.0136688 ],
       [ 0.10864878, -0.02562154,  0.11648773, ..., -0.15502462,
         0.12214374,  0.00057835],
       ...,
       [ 0.08764975,  0.05329045, -0.02575938, ...,  0.10654893,
        -0.01868328,  0.13796486],
       [ 0.1206705 ,  0.05041009, -0.06336267, ..., -0.07262078,
        -0.00137271, -0.07644331],
       [ 0.12145312,  0.05306235, -0.01132417, ...,  0.04669281,
        -0.03391717,  0.03386538]], dtype=float32)]], dtype=object)]]
